VAR_GLOBAL
	A	: ARRAY [0..57] OF LREAL :=
	[	 0.153832600,	 1.341953000,	-2.998583000,	-0.048312280,
		 0.375796500,	-1.589575000,	-0.053588470,	 0.886594630,
		-0.710237040,	-1.471722000,	 1.321850350,	-0.786659250,
		 0.2291290E-8,	 0.157672400,	-0.436386400,	-0.044081590,
		-0.003433888,	 0.032059050,	 0.024873550,	 0.073322790,
		-0.001600573,	 0.642470600,	-0.416260100,	-0.066899570,
		 0.279179500,	-0.696605100,	-0.002860589,	-0.008098836,
		 3.150547000,	 0.007224479,	-0.705752900,	 0.534979200,
		-0.079314910,	-1.418465000,	-0.5999050E-16,	 0.105840200,
	 	0.034317290,	-0.007022847,	 0.024955870,	 0.042968180,
	 	0.746545300,	-0.291961300,	 7.294616000,	-9.936757000,
		-0.005399808,	-0.243256700,	 0.049870160,	 0.003733797,
	 	1.874951000,	 0.002168144,	-0.658716400,	 0.000205518,
	 	0.009776195,	-0.020487080,	 0.015573220,	 0.006862415,
		-0.001226752,	 0.002850908];

	B	: ARRAY [0..57] OF INT :=
	[	1,1,1,1,1,1,1,1,1,1,1,1,1,1,1,1,1,1,2,2,2,2,2,2,2,2,2,3,3,
		3,3,3,3,3,3,3,3,4,4,4,4,4,4,4,5,5,5,5,5,6,6,7,7,8,8,8,9,9];

	C	: ARRAY [0..57] OF INT :=
	[	0,0,0,0,0,0,0,0,0,0,0,0,1,1,1,1,1,1,0,0,1,1,1,1,1,1,1,0,1,
		1,1,1,1,1,1,1,1,0,0,1,1,1,1,1,0,1,1,1,1,0,1,0,1,1,1,1,1,1];

	K	: ARRAY [0..57] OF INT :=
	[	0,0,0,0,0,0,0,0,0,0,0,0,3,2,2,2,4,4,0,0,2,2,2,4,4,4,4,0,1,
		1,2,2,3,3,4,4,4,0,0,2,2,2,4,4,0,2,2,4,4,0,2,0,2,1,2,2,2,2];

	G	: ARRAY [0..57] OF INT :=
	[	0,0,0,0,1,1,0,0,0,0,0,0,0,0,0,0,0,0,0,0,0,0,0,0,1,0,0,0,1,
 		0,0,1,1,1,0,0,0,0,0,0,0,0,0,0,0,0,0,0,0,0,1,0,0,1,0,1,0,0];

	Q	: ARRAY [0..57] OF INT :=
	[	0,0,0,0,0,0,1,0,0,0,0,0,0,0,0,1,0,0,0,0,0,0,0,0,0,1,0,1,0,
		0,0,0,0,0,0,0,1,0,0,0,0,1,0,0,0,0,1,0,1,0,0,1,0,0,0,0,0,1];

	F	: ARRAY [0..57] OF INT :=	
	[	0,0,0,0,0,0,0,0,0,0,0,0,1,0,0,0,0,0,0,0,0,0,0,0,0,0,1,0,0,
		1,0,0,0,0,1,0,0,0,0,0,0,0,0,0,0,0,0,0,0,0,0,0,0,0,0,0,0,0];

	S1	: ARRAY [0..57] OF INT :=
	[	0,0,0,0,0,0,0,1,1,0,0,0,0,0,0,0,0,0,0,0,0,0,0,0,0,0,0,0,0,
		0,0,0,0,0,0,0,0,0,0,0,0,0,0,0,0,0,0,0,0,0,0,0,0,0,0,0,0,0];

	W	: ARRAY [0..57] OF INT :=
	[	0,0,0,0,0,0,0,0,0,1,1,1,0,0,0,0,0,0,0,0,0,0,0,0,0,0,0,0,0,
		0,0,0,0,0,0,0,0,0,0,0,0,0,0,0,0,0,0,0,0,0,0,0,0,0,0,0,0,0]; 
	
	U	: ARRAY [0..57] OF LREAL :=
	[	  0.0,	  0.5,	 1.0,	  3.5,	- 0.5,	 4.5,	  0.5,	  7.5,	  9.5,
		  6.0,	 12.0,	12.5,	- 6.0,	  2.0,	 3.0,	  2.0,	  2.0,	 11.0,
		- 0.5,	  0.5,	 0.0,	  4.0,	  6.0,	21.0,	 23.0,	 22.0,	- 1.0,
		- 0.5,	  7.0,	-1.0,	  6.0,	  4.0,	 1.0,	  9.0,	-13.0,	 21.0,
		  8.0,	- 0.5,	 0.0,	  2.0,	  7.0,	 9.0,	 22.0,	 23.0,	  1.0,
	  	  9.0,	  3.0,	 8.0,	 23.0,	  1.5,	 5.0,	- 0.5,	  4.0,	  7.0,
		  3.0,	  0.0,	 1.0,	  0.0]; 
END_VAR